Grid Size,  V3_GPU,         V3_Total,             MPS_GPU,      MPS_Total
32,         3.285504,         1.973,               2.817568,      1.379
64,         8.099808,         2.073,               7.171424,      1.961
128,       22.171072,         2.498,              21.823999,      2.246
256,      108.531456,         2.905,             117.556290,      2.349
512,      724.428772,         4.536,             767.371216,      3.498
1024,    4588.889160,         7.880,            5541.668457,      9.684
2048,   33214.402344,        40.272,           43649.710938,     49.958
3072,  112105.273438,       120.141,          147599.546875,    161.694
4096,  267655.593750,       280.976,          358849.656250,    382.299
